3x9
"EnderChest": [[(672, 315), (734, 315),  (823, 316),  (896, 316),  (953, 316),  (1027, 315),  (1108, 318),  (1176, 316),  (1241, 313)],
     [(657, 381), (746, 381), (798, 386), (887, 384), (956, 391), (1033, 396), (1097, 387), (1161, 384), (1239, 383)],
     [(662, 445), (741, 444), (796, 443), (885, 441), (955, 442), (1037, 439), (1092, 446), (1160, 447), (1239, 453)]]
[8]
[(672, 206), (735, 206), (808, 204), (897, 208), (980, 207), (1053, 207), (1102, 206), (1163, 203)]

2x7
(740, 333), 
(814, 341), 
(891, 340), 
(953, 340), 
(1036, 342), 
(1097, 350), 
(1153, 350), 
(736, 414), 
(811, 414), 
(873, 416), 
(939, 413), 
(1033, 417), 
(1087, 422), 
(1163, 426), 
(1457, 482), 




(740, 333) 
(814, 341) 
(891, 340) 
(953, 340) 
(1036, 342) 
(1097, 350) 
(1153, 350) 
(736, 414) 
(811, 414) 
(873, 416) 
(939, 413) 
(1033, 417) 
(1087, 422) 
(1163, 426) 

